0.5909090909090909
0.5909090909090909
0.5909090909090909
0.5909090909090909
0.5
0.5
0.5
0.5
0.5454545454545454
0.5909090909090909
0.5454545454545454
0.5454545454545454
0.5
0.5
0.5454545454545454
0.5454545454545454
0.5454545454545454
0.5909090909090909
0.5909090909090909
0.5454545454545454
0.5454545454545454
0.5
0.5
0.5
0.5909090909090909
0.5909090909090909
0.5454545454545454
0.5909090909090909
0.5
0.5
0.45454545454545453
0.5
0.5909090909090909
0.5909090909090909
0.5454545454545454
0.5909090909090909
0.5
0.45454545454545453
0.5454545454545454
0.4090909090909091
0.5
0.45454545454545453
0.45454545454545453
0.5
0.45454545454545453
0.45454545454545453
0.45454545454545453
0.5
0.45454545454545453
0.45454545454545453
0.45454545454545453
0.45454545454545453
0.45454545454545453
0.45454545454545453
0.5
0.45454545454545453
0.5909090909090909
0.5909090909090909
0.5909090909090909
0.5909090909090909
0.5454545454545454
0.5454545454545454
0.5
0.45454545454545453
0.5909090909090909
0.5
0.5
0.5
0.5909090909090909
0.5
0.36363636363636365
0.4090909090909091
0.45454545454545453
0.4090909090909091
0.45454545454545453
0.4090909090909091
0.45454545454545453
0.4090909090909091
0.4090909090909091
0.45454545454545453
0.5454545454545454
0.5
0.5
0.5
0.5
0.45454545454545453
0.45454545454545453
0.45454545454545453
0.45454545454545453
0.3181818181818182
0.36363636363636365
0.3181818181818182
0.45454545454545453
0.3181818181818182
0.4090909090909091
0.4090909090909091
