0.5
0.45454545454545453
0.5
0.5
0.5
0.5
0.5
0.5
0.5
0.45454545454545453
0.5
0.5
0.5
0.5
0.5
0.5
0.45454545454545453
0.45454545454545453
0.45454545454545453
0.45454545454545453
0.5
0.5
0.5
0.5
0.6363636363636364
0.6363636363636364
0.6363636363636364
0.6363636363636364
0.5909090909090909
0.5454545454545454
0.5
0.5
0.5909090909090909
0.5909090909090909
0.5909090909090909
0.5909090909090909
0.5454545454545454
0.5454545454545454
0.5
0.5
0.6363636363636364
0.5909090909090909
0.5909090909090909
0.5909090909090909
0.5
0.5
0.5454545454545454
0.5454545454545454
0.6363636363636364
0.6818181818181818
0.6818181818181818
0.6818181818181818
0.6818181818181818
0.6363636363636364
0.6363636363636364
0.5909090909090909
0.7272727272727273
0.7272727272727273
0.7272727272727273
0.7272727272727273
0.7727272727272727
0.7272727272727273
0.6818181818181818
0.6363636363636364
0.5909090909090909
0.6818181818181818
0.6818181818181818
0.6818181818181818
0.5
0.6363636363636364
0.5454545454545454
0.5454545454545454
0.6363636363636364
0.5454545454545454
0.5454545454545454
0.5454545454545454
0.6363636363636364
0.6363636363636364
0.5
0.5454545454545454
0.6363636363636364
0.5909090909090909
0.6363636363636364
0.6363636363636364
0.5909090909090909
0.5909090909090909
0.5909090909090909
0.5909090909090909
0.5454545454545454
0.5
0.5
0.5
0.5454545454545454
0.5454545454545454
0.5454545454545454
0.45454545454545453
