0.04084611083175805
0.0426182494981561
0.04234421572683212
0.04214977762017205
0.04515149673918866
0.046274097727528746
0.04621261193877595
0.04641063565819991
0.04172098730621725
0.041646233021008894
0.04035056253291244
0.040871946395994875
0.04439823014666215
0.04545162811452977
0.04536964253068372
0.046673932925744115
0.0410295052642594
0.0413474250739404
0.041947313363275944
0.04234218423082304
0.04381404584116614
0.04527861660299671
0.04469676425745592
0.04540848496649997
0.033818553796970796
0.034250555899233655
0.03402543349799245
0.03445979380283872
0.037644688496999375
0.03793767944239363
0.03990972736706238
0.0390531873778665
0.03337501944025329
0.0334218924487233
0.03413224441771084
0.033783351021563386
0.038085429687529176
0.038138286684698826
0.035353648855795956
0.04543554846645269
0.03559716616107606
0.035874823893034424
0.03607605374838272
0.036120496527878736
0.038797447476556716
0.038678108974207454
0.03985960970035254
0.040177668454625656
0.043108512575636984
0.0458938565734067
0.04606717034757934
0.04562917500153996
0.04327572251489217
0.048311765452616034
0.05512071799512495
0.05725434207382279
0.041261854667439674
0.04005751358041445
0.04027648922032861
0.04028887151173206
0.04236785020805328
0.04339335218818684
0.04878657957102812
0.05380533056093573
0.03350521395963107
0.03908697107563945
0.03921926819379057
0.039102350236873445
0.033240577908272846
0.03865462540115538
0.05056913096136331
0.04755236062145985
0.05421769698112177
0.05907040431490016
0.06231624688049359
0.06108172459725938
0.05316762248517871
0.059107352547698146
0.062420352886038526
0.06463082786213073
0.05146224608662924
0.05061524773176674
0.052860228449437746
0.05120363484170825
0.05104426052972828
0.053477727940039306
0.05609169938484535
0.05847660363619616
0.033387457593486436
0.05400344922961697
0.05426379266877657
0.052715349068957924
0.03339368474021226
0.05126762017863291
0.06074927186310189
0.06626829695359217
