0.07152965076171941
0.0718008274346763
0.07098708809875875
0.0714662909846129
0.07371427916560855
0.07827462165231078
0.07534759029557091
0.07514685652814175
0.06884308995921043
0.07226063090079196
0.07124388014085771
0.07143685957191893
0.07252699650546542
0.07634342908754246
0.0770000790619078
0.07731279971756165
0.0702980276556582
0.07126142750749184
0.07158553453976763
0.07074391926576912
0.07281371665897278
0.07514694083653711
0.07596876668523338
0.07499599652381427
0.05723461982686349
0.05956017206990543
0.05755254641735572
0.05674925990045518
0.059468518369135956
0.06328336895515407
0.06338019484639275
0.06733272970058711
0.05572072622467514
0.056426375643663824
0.05732195723207361
0.057045466301800095
0.059467603862838024
0.0599909904853138
0.06203698065593666
0.06188871240039426
0.05731854558054776
0.059982279587786486
0.05908030852974404
0.060353229775503454
0.06218499055999469
0.06466482816481851
0.06534225535812849
0.0639495585901651
0.05887142113578288
0.060683386021749254
0.0601929671261118
0.06164252305741377
0.06463508890166157
0.07210048219364441
0.08270171822844628
0.09721433462111279
0.05700093332999694
0.05827495546637171
0.05704505341806199
0.058391630317711433
0.061300124463360396
0.06085829004576977
0.07207968200805599
0.07561529476616585
0.05588399337942338
0.05789816187728336
0.057353397529308923
0.05756296808529564
0.05857102869315638
0.0659006732219015
0.08346760445048904
0.09167873963174761
0.07597607100341033
0.08555946905059941
0.08761946776661377
0.08644540530452437
0.07964727024701858
0.0965307323043433
0.13377949184923557
0.14040343374916198
0.07627226406124152
0.08171273466233964
0.08080444085949424
0.08038200748290608
0.07886024582446843
0.08475181103020223
0.09385191765171984
0.10223541154177135
0.05445316953254881
0.08490068008457624
0.08665347872508299
0.08757327420825237
0.05403268288373062
0.08761875301744369
0.12149631766747516
0.14398431441914017
