0.05820744676828126
0.05741284811115611
0.05787199844976028
0.057615284137046044
0.06292407956485739
0.06384091111822711
0.065211815554428
0.06501645665349653
0.057944446516173434
0.05744778466598697
0.05819882887926137
0.058788123586144964
0.06273258467526191
0.0631363211729233
0.06363989568146997
0.06331495352820649
0.05620048343111324
0.05762004839793206
0.057454604345790125
0.05829645792372378
0.0626430029042992
0.06321688681860849
0.06295672459796388
0.06372514991676285
0.04890752706599561
0.05011865724526428
0.04962592609956444
0.04944279056166892
0.05071963327415845
0.05086129469525758
0.051656872582007636
0.05354553915377198
0.05970790938253741
0.05951995356099398
0.060128219880793934
0.059456688872273886
0.06406519616489463
0.06369839071697972
0.07104165905509997
0.06865398708019674
0.04998556630131765
0.04988799184970107
0.048471832249354856
0.04912451375132734
0.048796925747658676
0.05092365367785749
0.051422121829895716
0.052183959652286144
0.05613136457141163
0.05682183635016021
0.05793896316830858
0.05757684676610154
0.061286141667468326
0.06491893424359944
0.07568178091998655
0.07876454049303122
0.06762769593765948
0.06760185153831168
0.06749025862768743
0.06812708325332556
0.06922097480695266
0.07256376045763442
0.08373611693763042
0.08710440835387373
0.04723761364750707
0.05363249443428476
0.053659060643582716
0.05429481674824957
0.05082574611976738
0.059577890023162
0.06385135623570495
0.06916451343975157
0.07007085811844548
0.07712815553257674
0.07868803849479465
0.07967542947404872
0.07217757728514106
0.08256082945770574
0.09393149350143827
0.10300602853221084
0.0923907460639646
0.0929413236176146
0.09213741382606946
0.0936550022709426
0.0935288643587707
0.09641974422397132
0.09999564299769993
0.1014951835156639
0.041506193975085294
0.057119384803557494
0.05846644839036794
0.06325459786968286
0.04329634134048548
0.0612829979626782
0.08016551088274569
0.08758282863571726
